processor       : 0
cpu             : POWER4+ (gq)
clock           : 1452.000000MHz
revision        : 2.1

processor       : 1
cpu             : POWER4+ (gq)
clock           : 1452.000000MHz
revision        : 2.1

timebase        : 181495202
machine         : CHRP IBM,7029-6C3

